sample : x epsilon : y | continued fraction, dirichlet, farey

n: 100 ε: 0.000001 | 6.36,6.91,6.27
n: 1000 ε: 0.000001 | 6.445,6.841,6.387
n: 10000 ε: 0.000001 | 6.4494,6.8447,6.3873
n: 100000 ε: 0.000001 | 6.46212,6.84915,6.40184